[array([ -40.65180893,  -41.01602525,   -9.90667203,   11.14731232,
        111.11938407,  204.53318483,  -11.29353157,  -17.53567698,
         -9.22184088,  -16.05469183,  -23.0449534 ,  -31.30275927]), array([-18.67311829,  11.79979818,   8.51380486,  44.6226136 ,
       -20.47534056,   0.33634574,  -9.96136433,   1.10946477,
        -5.87288298,  -5.80972516,   5.87744596, -12.07845643]), array([ -3.1853571 ,   2.53558631,  20.27265396, -22.55880577,
       -38.31496191, -20.0339106 ,  30.060916  ,  -2.69748122,
        -7.97951625,   2.76550535, -10.53996208,  -5.1569221 ,
         1.37062866,  -4.58195141,  -5.31616995,   3.11267688,
       -12.22312994,   1.44958617,   2.81108979,  -8.9408553 ,
        -1.31319729,   5.31944537,  -1.36621593,  -5.63980587]), array([ -8.05689119,   9.88242559,  -3.87208486,   7.79758886,
         7.4336865 , -17.84292007,   3.07743026,   1.70708714,
         6.33050645,  23.00155485,  60.98548819,  23.33439993,
        27.51749031,  12.70078981,  13.75883834,  -0.88015047,
         2.37313484,   2.06202429,   5.89178291,   3.36370198,
        20.76306847,  -5.76251439,  -4.02249351,   0.73897702,
         7.56640004,   4.83954532,  -7.32304566,   2.3007232 ,
         8.54708178, -11.15576344,  -3.56725144,  -5.60659262,
        -7.50785223,  -5.4776126 ,  -5.85710336,  -0.19344469,
        10.83807658,  -0.80307329,   1.49265625,  -4.62139591,
       -11.35346646,  -5.89119622,   2.02008731,   0.89485232,
         0.46279887,   1.00079662,  13.33313074]), array([-18.20322736, -19.40631147,  -3.41178212,   7.74215696,
        -5.51304346,   0.70411802,   4.81592576,  -0.8948758 ,
         9.9743134 ,   5.10331442,  -6.45823526, -10.43158384,
       -18.81188691,  -8.60891419,  14.08130596, -12.3210273 ,
       -24.3465425 , -49.12767002,  -1.96027229, -39.04365179,
        49.14990773, -45.64378821,   3.36109366,   2.86921716,
        49.20995389,   0.38536093,  12.89767661,  11.28288601,
         2.63604568,  -7.93396342,  16.8188261 ,  18.78091436,
        -7.01398552,  12.53308205,  -5.32812962,  -6.24923338,
        12.4089939 ,  15.00986884,  -9.11450633,  -1.34363398,
        -2.79653101,  -1.02457868,   7.81154668,  -4.96425654,
        -8.67165645, -22.66054597, -16.35934829,  -0.60662383,
        -4.77536972,   4.34446957,  -3.04474428,   8.23144947,
       -10.94065863,   3.69543975,  23.09079348,  -8.64687342,
       -13.09462038,   1.21974437,  -8.54581684,  -8.84931419,
        -1.63977177, -14.30177745,  -2.99764112,   5.56568688,
        17.33104467,  -5.4625731 ,  -6.12422918,   3.89357809,
         3.06926951,   7.97543356,  15.32297083,   6.45620861,
         0.98341129,  -5.19860448, -19.28921116, -12.39081123,
        -8.47674043, -17.15616726, -18.74614565,   1.94674806,
        -7.4166244 ,  -2.30247875,  -0.98101946,  -5.48052573,
        -9.57401001,  -7.75971757,   9.55245741,  -0.14816655,
        -1.76925387,  -2.28553367,  11.92910669,  -2.40210657,
       -19.80943013, -18.94648123]), array([ 10.38114374,  -3.26398558,   6.6747396 , -12.00505491,
         4.03478464, -13.65749045,  13.59965349,   9.78705267,
         2.8114715 , -14.7577553 , -13.94076566,   7.92779411,
        -9.9101168 ,  -1.23814164,  -5.4583434 ,  21.54363965,
         3.71807144,  -0.5172046 ,  -3.63982254,   4.75632248,
        18.99424396, -15.61118511,  48.83737968,  -6.40390052,
         3.45056412,   6.34940117,  -6.128609  ,   9.43243856,
         9.8197165 ,   0.85156402, -11.79432779,  -8.81495453,
         0.67974899,  16.53272421,  23.63087659,  69.34171653,
        -6.15200971,  63.26172112,  -2.96989415, -65.72457761,
         4.16255019,  13.79446135, -28.09142694, -29.3102039 ,
        42.205169  ,  48.87348188,  23.29869321, -58.63194979,
        36.06450223,  27.26900927,   9.0707346 , -72.76917485,
        56.8741347 ,   5.28033669,   4.76740345,  19.69146579,
        -5.63276144, -15.58157733,   7.32956268,   5.6660622 ,
       -13.67483266,  10.16338224, -13.95343123,  -0.28902568,
         3.71203752,   2.07330346,  -0.9677152 ,  20.0014175 ,
       -17.2439186 ,  -3.89618426, -11.35909712,   1.48796644,
        -3.90143718,   0.57603051,  -7.10384249,   1.73503021,
         8.24499928,   4.46327764,   6.03636409,   7.52719368,
        -6.20519768,   5.1751442 ,  -3.28943628,  -3.4879414 ,
         1.70959679,  -1.91086256,  10.12127241, -11.0746645 ,
       -11.22133985,   1.45141189, -10.97254392,  15.6475901 ,
         6.48646325,  -8.23233569,   3.62041788,  21.65380669,
       -14.5525521 , -12.48112862,   2.48877629,   0.59745052,
         9.83921116,   1.517222  ,   4.73054802,  -4.95660984,
         9.25411297,  -1.86722015,   8.95386436,   5.22046561,
        -5.25910622,  13.12155452,   5.96912238,  10.5060618 ,
       -23.6524259 ,   0.47808824, -16.37234099,  10.26378362,
       -10.69798801,  -2.14752971, -22.25273732,   6.87786617,
         9.83266096, -20.50509893,  13.00721726,  -1.52736346,
        11.56426057, -13.42993412, -24.27770072, -16.28675332,
        15.43559805,  -1.29753865,  -0.82793622,  11.21291284,
         7.34123736,   3.87255784, -11.67266078,  14.51393936,
       -14.2905889 ,   1.58252678, -11.67176321,  19.48535265,
       -13.82562875, -14.2228024 ,   3.91964986,  12.5918226 ,
       -16.88498266,  18.40527199,  11.90124966, -12.44880182,
        19.29772653, -16.74684871,  -3.10486365,   1.61814785,
         8.41204477,  13.79612685,  -5.29023895,  -5.46284934,
        -3.84815776,  10.79396598,   4.55512181,  -3.9549413 ,
        -1.80749234,   2.16545191,  16.89427184,  -0.957976  ,
        -3.28727476,  10.17571882,  -3.32644172,  15.94995016,
       -13.3837694 ,   7.67885323,  -3.58667821,  -4.45116653,
         5.07262802,  21.64897314,  -1.1493344 ,   0.54228016,
        14.59712105,   4.95661487,   0.10514205,   3.51322847,
       -16.6188768 ,  -2.32640112,  -3.52212722,  15.25923286,
         2.02704043,   1.11692378,  14.52182083, -15.96470944]), array([ -1.04949413e+01,  -1.86578647e+00,   5.50338659e+00,
        -9.25772330e-01,   7.98736481e+00,   6.77449061e+00,
        -1.16235870e+01,  -6.05369463e+00,  -8.74874216e+00,
         9.44850975e+00,   4.44071300e+00,   8.31362755e-01,
        -6.92530774e+00,   1.37801401e+00,   2.19100692e+01,
         1.03791285e+01,  -6.64662074e+00,   7.55157379e+00,
         2.04814019e-01,   4.62535507e+00,  -9.47859406e+00,
         9.74127704e+00,  -5.76045030e+00,  -2.06590146e+01,
         1.15787266e+01,   6.22914199e+00,  -1.11375649e+01,
        -1.88106726e+00,  -2.30671187e-01,   1.05056993e+01,
         1.01798963e+01,  -8.80783558e+00,   4.61883938e+00,
         4.01795655e-01,   6.71431962e+00,   1.01312802e+01,
        -1.02991367e+01,  -8.90626231e+00,  -5.87698588e+00,
         2.98357446e+00,   7.93946162e+00,  -1.89257785e+00,
        -3.28653661e+01,   7.00180846e+00,   2.05222152e+00,
         4.35654182e+01,  -2.11645980e+01,   5.68016595e+00,
         1.17364169e+00,   1.52702135e+00,  -4.77562955e+00,
        -4.53642456e+00,  -2.86500615e+00,   1.36220863e+01,
        -1.00937564e+01,  -6.68661051e+00,   8.53248764e+00,
         1.43972325e+01,   6.56273794e+00,  -5.45019651e+00,
        -4.20212139e-01,   2.12736366e+01,  -4.33523271e+00,
        -4.54149871e+00,   8.32434884e+00,   2.11179172e+01,
         1.17919278e+00,   2.31973615e+01,   2.86670192e+01,
        -5.23065867e+01,   8.91420058e+01,  -3.56923412e+01,
         3.68157637e+01,   2.74420413e+00,   4.23555462e+01,
        -1.49933794e+01,   7.49813188e+00,   4.41066180e+01,
        -5.76801704e+01,  -1.87464107e+01,  -7.54043028e+00,
        -3.13361740e+01,  -5.51409854e+00,   3.28490672e+01,
         4.95282588e+01,   2.09637987e+01,  -4.10336831e+01,
         3.57309425e+00,  -8.79693329e+00,  -5.62383420e+01,
         2.18700193e+01,  -5.58149636e+00,   2.51509834e+00,
        -3.19022706e+00,  -2.05934228e+01,   5.51390894e+00,
        -4.19901179e+01,  -2.86458132e+00,   1.32249905e+01,
        -8.92708540e+00,  -1.22856836e+01,   6.00248038e+00,
         5.41064090e+01,   7.50411473e+00,  -1.74697937e+01,
         6.09252764e+00,   2.09857523e+01,  -5.68378344e+00,
        -1.85645052e+01,  -1.04343373e+01,  -3.31578030e-01,
        -8.58631113e+00,  -1.50618504e+01,  -8.85068595e+00,
        -1.08624322e+01,  -1.33852266e+01,   4.93565129e+00,
        -1.11309952e+01,  -1.21905298e+01,  -2.39508900e+00,
        -9.58845104e+00,   9.70284338e+00,   8.77491339e+00,
         1.56315769e+01,   3.00760944e+00,  -1.02284253e+01,
         1.02177156e+01,   1.33647286e+01,   6.52152720e+00,
         1.06945885e+01,  -1.09724786e+01,   2.05348482e+00,
         1.49994820e+00,   1.14537375e+00,  -1.08862831e+01,
         2.74447655e+00,   2.33318755e+00,  -9.36084847e+00,
         1.07967981e-01,  -1.19547585e+01,  -4.60132879e+00,
         9.34342678e+00,  -5.50341684e+00,  -1.40200898e+01,
         7.96053148e+00,   4.62247340e+00,  -5.98156232e+00,
        -9.47537956e+00,  -1.27785953e+01,  -1.48318049e+01,
        -1.19151843e+01,   6.15963819e+00,  -1.31526536e+01,
        -3.01481815e+00,   6.78796495e+00,   4.52731768e-01,
        -8.05236944e+00,   6.48887829e+00,  -7.09218133e+00,
        -7.15761560e+00,  -1.34733403e+01,   4.53148821e+00,
        -9.46186421e-02,  -1.24319289e+01,   7.17895564e+00,
        -5.02554956e-01,   1.08907318e+00,   9.11085306e-01,
        -5.41161438e+00,   4.59124491e+00,  -5.85331104e-01,
         6.97204646e-01,   1.63862664e+00,   9.16052882e+00,
        -1.45495003e+00,  -8.46056544e+00,  -4.98050380e+00,
        -1.21799119e+01,   1.74478652e+01,  -2.18720255e+01,
        -2.00977392e+00,  -1.51894711e+01,  -5.34724365e+00,
         7.04839041e+00,   4.98245408e+00,   1.61925322e+00,
        -1.13887861e+01,  -8.50429282e+00,   1.12372615e+01,
        -7.31271365e+00,   6.19552484e+00,   8.35698697e+00,
        -5.59378206e+00,   3.63448998e+00,  -2.38643520e+00,
        -4.24605248e+00,  -1.99809090e+00,   2.21596154e+01,
         1.14997851e+01,   2.49451450e+00,  -5.08819525e+00,
         1.08095961e+01,   3.42860282e+00,  -1.75489776e+01,
        -2.19880859e+00,   1.29195874e+01,   7.86768832e+00,
        -7.51005972e+00,   9.97350226e+00,  -6.59131735e+00,
        -9.55274607e-01,   1.77319397e+00,  -3.61499753e-01,
        -4.00463975e+00,   1.07984664e+01,   4.78227584e+00,
        -5.00146423e+00,  -7.65118472e+00,   6.80330218e+00,
         5.86186822e+00,  -1.52287761e+00,  -3.31081096e+00,
        -5.31315593e+00,   1.65165270e+01,   1.02811425e+01,
         2.95323740e+00,   1.02075552e+00,   7.88026179e-01,
         4.05814358e+00,  -4.73770780e+00,  -4.77923122e+00,
         3.59322056e+00,   2.86510093e+00,  -1.00972502e+01,
         4.57397545e+00,  -5.74708014e+00,  -5.40330733e+00,
        -2.28920464e+00,   1.07267826e+00,  -5.39719773e+00,
        -9.94459229e-02,   1.12376369e+01,   9.83818030e-01,
         4.53752382e+00,   9.91506069e+00,   1.54141909e+00,
         2.77806967e+00,   3.22062457e+00,   5.61368474e+00,
         1.04624412e+01,   6.60566057e-01,  -2.86748734e+00,
        -4.70556928e+00,   1.25514166e+01,  -1.07961239e+01,
        -1.56317583e+01,  -1.08973520e+01,  -2.86399029e+00,
         7.58082072e+00,   9.16496430e+00,  -1.25765967e+01,
         1.69853047e+00,   7.24962407e-02,  -2.08697359e+00,
        -6.06001216e+00,   3.38907510e+00,  -1.19183614e+01,
        -1.26559518e+01,   9.18613983e+00,  -8.90878458e+00,
         2.91231643e+00,   4.83832268e+00,  -1.11950934e+01,
        -1.13915067e+00,  -6.89389593e+00,   2.42054049e+00,
        -8.86601145e+00,   1.70095115e+01,   8.62823749e+00,
        -1.32039108e+00,   1.51822373e+01,   4.19126905e+00,
        -8.51755547e+00,   6.17282034e+00,   2.41722831e+00,
        -4.39589870e+00,   2.65082932e+00,   1.24812949e+01,
         2.14624761e+00,   9.64314584e+00,   3.64261660e+00,
         1.50755171e+00,   1.99033609e+01,  -1.08409690e+01,
         1.95027651e+01,   1.26625949e+00,   3.54162046e+00,
        -8.91528518e+00,  -2.54208040e+00,  -1.52539222e+01,
        -1.19689475e+00,  -5.45561542e+00,  -1.23201281e+01,
         2.64795528e+01,   1.26271819e+01,  -1.76543949e+00,
        -1.25973479e+01,   3.87450657e+00,   1.32194184e+00,
        -4.21855806e+00,  -1.78694589e+00,   2.31009523e+00,
        -1.24272141e+01,   1.33994279e+01,  -8.96360804e+00,
        -9.14085526e+00,  -4.40913519e+00,   3.06391343e+00,
        -5.62098973e+00,  -8.56009024e+00,   1.03206497e+01,
        -1.11179137e+01,   5.13401106e-01,   2.89785022e+00,
         1.47097462e+01,  -6.37453717e+00,   7.47303304e-01,
        -2.66449660e+00,   8.51903271e-02,   7.09733825e+00,
         3.16361373e+00,  -3.23963598e+00,  -2.45718241e+00,
        -4.55909841e+00,  -7.90236014e-01,  -9.64669149e+00,
         2.51521417e+00,   5.13916966e+00,   5.26113409e+00,
         4.15410254e+00,   3.90231553e-01,  -1.13450968e+01,
        -7.79665908e-01,  -1.30298694e+01,   1.10111897e+00,
         1.27610184e+01,   6.27515147e+00,   8.21429319e+00,
         6.62215607e+00,   7.16580848e+00,   3.15268673e-01,
        -1.81421491e+01,  -1.09345062e+01,  -4.76239448e+00,
        -1.64428906e+00,   1.29796174e+01,  -6.20561044e+00,
         5.40767061e+00,   1.82188047e+01,   6.20564624e+00,
        -4.01865388e+00,  -7.17085334e+00,   4.10711066e+00,
        -1.22057336e+01,  -1.61669114e-01,  -6.22584811e+00,
        -1.54554841e+01,   6.20820827e+00,   1.91760703e+01,
         7.13635646e-01,  -3.84631547e+00,  -8.66076977e+00,
        -7.92894564e+00,  -4.19872583e+00,  -3.20417380e+00,
         7.12746548e+00]), array([  4.71153645e-01,   3.37490112e-02,  -5.38098446e+00,
        -1.62838451e+00,  -9.11353885e-01,   1.32655658e+00,
        -8.21395055e+00,   3.75550162e+00,  -6.54781110e+00,
        -5.09268390e+00,  -9.13850517e+00,   8.44933843e+00,
         7.54141183e+00,   3.16381618e+00,   1.42676448e+01,
        -5.47276296e+00,   7.14346344e+00,   5.46886519e+00,
        -6.77143850e+00,   1.81945048e+00,   5.51403104e+00,
        -5.40636736e+00,  -5.39817889e+00,   3.67924369e+00,
        -6.27796746e+00,  -2.37493023e+00,  -4.60977561e+00,
         1.95959465e+00,   9.72089682e+00,  -1.07774233e+01,
        -9.63609027e-01,  -1.48339375e+00,  -5.08094935e+00,
         9.12086266e-02,   8.21158047e+00,  -3.28915357e+00,
        -4.79564961e+00,   1.82094197e+00,  -1.60122386e+00,
        -1.17900262e+01,   8.19314437e+00,  -1.43913099e+00,
        -1.21967574e-01,   5.40136027e+00,   6.75252472e+00,
        -6.43459740e+00,  -4.96234650e-01,   1.57919051e+00,
        -1.47106914e+01,   9.82517182e+00,  -2.67806698e+00,
         7.96251328e+00,  -9.53873954e+00,  -4.58630385e+00,
         5.40126029e+00,   1.00581462e+01,  -6.68407187e+00,
        -4.76432794e+00,  -6.34707479e+00,   4.62715543e+00,
        -1.76469763e+00,  -1.36693912e+01,   1.47144559e+01,
        -8.31961208e-01,   4.93596935e+00,  -7.18783094e+00,
         8.05765528e+00,  -4.39018813e+00,  -5.54692193e+00,
        -8.19463955e+00,  -6.74185876e+00,   8.40744050e+00,
        -1.13281239e+01,   4.03619375e+00,   1.09029065e+01,
        -1.10545537e+01,  -4.78008123e+00,   7.57361752e+00,
         1.72896227e+00,  -3.29462337e+00,  -1.77437307e+00,
        -7.48924505e+00,   9.89070393e+00,  -1.24638734e+01,
        -1.53958622e+00,  -1.22430538e+01,   1.22238933e+01,
        -1.15352520e+01,  -9.60711233e-01,  -8.25816850e-01,
         2.72405211e+00,   1.68176026e+01,  -4.45271924e+01,
         1.73173464e+01,  -3.57334007e+00,   4.19458632e+00,
        -4.24911034e+00,   1.00698226e+01,  -1.75972291e+01,
         1.92795019e+00,  -7.57141962e+00,  -8.64852001e+00,
        -2.39971539e-01,  -1.52185533e+01,   1.04853733e+01,
         4.82639779e+00,   1.78726386e+00,   7.25550986e-01,
         4.59585923e+00,   3.00284788e+00,  -9.09891266e+00,
        -6.50069318e-01,  -7.17055077e+00,   6.68570949e+00,
        -7.80547069e+00,   4.92961447e+00,   7.56317516e+00,
        -9.03331804e+00,   2.71407529e+00,   1.27313699e+00,
         3.84052704e+00,  -3.51930737e+00,   9.13375160e+00,
         1.55233522e+00,  -2.52550314e+00,   2.88819843e+00,
         3.59507285e+00,   9.49616881e+00,   3.57073579e+00,
         6.99327156e+00,  -9.95186218e-01,  -3.81755206e+00,
         1.02697155e+01,  -7.71905951e+00,   2.61824077e+00,
        -8.76303963e-01,  -1.58333111e+00,   1.63074383e+01,
        -1.01543139e+01,  -1.15997148e+00,   1.92559658e+01,
        -2.02192688e+01,   8.83193209e+00,  -3.66540635e+00,
         6.12311129e+00,   1.05564640e+01,   5.96952864e-01,
        -2.03128806e+01,   1.88067612e+01,  -1.28751676e+01,
         4.43028981e-01,   2.42054512e+00,  -1.50147266e+00,
        -2.82075682e+00,   1.54638412e+00,  -9.17197376e+00,
         3.97471028e+00,   1.34178846e+01,  -2.23070802e+01,
         1.06617599e+01,  -3.47772264e+00,   7.71881768e+00,
        -1.02149534e+01,   1.50996085e+01,  -1.57118510e+00,
        -1.42840293e+00,   1.19278247e+00,   2.64810834e+00,
         1.81409869e+01,  -1.19700062e+01,  -3.40445948e+00,
         9.72343104e+00,  -2.14200079e+01,   8.58372034e+00,
         5.38065680e+00,  -1.74591027e+01,   7.28120353e+00,
        -7.60091389e+00,   2.59209177e+01,  -1.44188693e+01,
        -1.24947983e+01,   6.33856687e+00,  -2.30855012e+01,
         2.10952191e-01,   1.41033097e+01,  -6.47597158e+00,
         6.89735833e+00,  -1.95618461e+01,   1.87749203e+01,
        -1.79805289e+01,   1.16835454e+01,  -9.74368019e+00,
        -4.50400640e+00,   4.54081091e-01,   4.05739348e+00,
         1.97361824e-01,   5.08694771e+00,  -5.11352232e+00,
         2.26660846e+01,   7.25847222e+00,   2.81688952e+00,
        -6.40541580e+00,  -1.18581859e+01,   6.33810872e+00,
        -4.24528592e+00,   1.32056439e+01,   3.38522312e-01,
         1.32196600e+01,  -4.33582791e+00,   2.93059195e+00,
         1.97414814e+00,  -9.56139774e+00,   1.49236849e+01,
         5.63408674e+00,   6.85344396e+00,  -2.92929929e+00,
        -4.46731555e-02,  -8.87501979e+00,   6.47975132e+00,
         9.33588357e+00,   7.35550084e+00,  -1.12303011e+01,
         5.49707141e+00,   3.26161835e+00,   9.95748940e+00,
         8.73142479e-01,  -4.47727807e+00,  -7.56716245e-01,
         1.50553742e+00,   1.07017734e+01,  -1.85496997e+01,
         3.94878129e+00,  -7.28492107e+00,  -5.06581553e+00,
        -5.40993177e+00,  -5.22996438e+00,  -1.29451129e+01,
        -7.70298267e+00,   1.22676157e+01,   5.84021349e-01,
         1.37660925e+01,  -1.18942570e+01,  -7.48949240e+00,
        -8.46756007e+00,  -2.52231498e+00,   3.32001733e+00,
         6.15316173e+00,  -9.48507145e+00,   4.83884721e+00,
        -9.41048405e-01,   1.18555646e+01,  -1.95945446e+00,
        -1.45446367e+00,  -5.42353719e+00,   9.39825607e-02,
         1.53671133e+00,  -8.09664106e+00,   4.49188607e+00,
         1.16853261e+00,   9.48989513e+00,   4.73630459e+00,
        -1.20442500e+00,  -5.16243517e+00,   1.47097676e+01,
         5.88241888e-01,   2.32829207e+00,   4.12442208e+00,
         2.26778846e+00,   9.45682326e+00,  -1.04082571e+01,
         1.97476323e+01,  -1.69936410e+01,  -3.94847734e+00,
        -5.23537196e+00,   3.53111145e+00,   1.77094839e+00,
         6.20382891e+00,  -3.36956807e+00,   3.02158464e+00,
         3.24411761e+00,  -7.02991323e+00,  -7.30042836e+00,
        -5.22260712e+00,   1.94379929e+00,  -4.91130861e+00,
        -2.84898196e+00,   9.99086104e+00,  -7.95253886e+00,
        -4.01146607e+00,   2.69094773e+00,  -5.75888955e+00,
         1.66790784e+01,  -6.39402620e+00,   1.96914285e+00,
         2.52529729e+00,   2.21912090e+00,  -1.05876757e+01,
        -4.07040011e+00,   1.16674647e+01,   4.16744669e+00,
         1.29067520e+00,   4.47579951e+00,  -9.60872737e+00,
        -2.44046469e+00,   6.14017086e-01,   3.67142235e+00,
         3.47320712e+00,   3.86612417e+00,   5.28147214e+00,
        -1.63622431e+00,   1.02214453e+00,  -4.63697335e+00,
         5.21368200e+00,  -3.89771143e+00,   7.64982816e+00,
        -3.79059200e+00,   1.44592619e+01,  -3.10863868e-01,
         1.15550062e+01,   1.50396465e+01,   3.38603732e+00,
        -9.25912469e+00,   6.58943713e-01,  -1.51712764e+00,
        -9.09885005e+00,  -7.49473890e+00,   2.47392884e+00,
        -5.28138548e+00,  -2.94684251e+00,   9.97092175e+00,
        -4.60403199e+00,   8.46839313e+00,  -1.31730968e+01,
         1.12718071e+01,  -8.04024115e+00,   4.21862894e+00,
        -4.46304754e+00,  -1.08051654e+01,  -8.90855905e-01,
        -1.49025090e+00,   1.21220231e+01,   2.59224160e+00,
        -3.32114888e+00,  -1.10629198e+01,   2.17994408e+00,
         1.11098079e+01,  -8.31589569e+00,  -3.27409886e+00,
         8.99093417e+00,  -3.38005895e+00,  -3.44752643e+00,
         6.43400710e+00,  -1.11843865e+00,  -9.68835308e+00,
         2.12593250e+00,   5.41504725e+00,  -3.99601632e+00,
         3.34580980e-01,   8.55401232e-01,   9.87486769e+00,
        -4.18937127e+00,   1.40848599e+01,  -5.72464253e+00,
         5.77583767e+00,   3.34110034e+00,   2.15071205e+00,
         3.28327840e+00,  -9.47500128e+00,  -1.55140597e+00,
         8.76558197e+00,  -2.37629020e+00,   4.21022326e+00,
        -2.48345330e+00,   7.25503979e+00,   2.19944423e-01,
        -1.04335586e+01,   8.27317788e+00,  -5.44985284e+00,
         6.02868842e+00,   2.50745888e+00,  -9.44747209e-01,
        -3.72278361e+00,   5.57628840e+00,   3.15302531e+00,
        -8.90583219e+00,  -1.10388238e+00,  -1.44000496e+00,
         6.42589081e+00,  -3.91237384e+00,  -3.00160015e+00,
         1.37459962e+01,  -2.14834698e+00,  -7.41107663e-01,
        -1.58653993e+01,  -1.51805781e+00,   6.85275741e+00,
        -2.90475732e+00,  -1.50478738e+00,   2.13438707e+00,
        -5.37008743e+00,   6.89386778e+00,  -9.13374784e+00,
         2.32823171e+00,  -1.03468098e+01,   3.61348308e+00,
         9.83640856e+00,  -1.03384226e+01,   4.51806952e+00,
         8.72575779e+00,  -6.42564938e+00,   4.82779102e+00,
         5.02660799e+00,  -2.47994581e+00,   7.57039851e+00,
        -3.27665653e+00,   5.79922211e+00,   1.07438213e+00,
         1.30422564e+00,   3.49863336e+00,   3.67673342e+00,
        -2.84770245e+00,   1.93354924e+00,  -1.19095754e+01,
         2.21208199e+01,  -1.13175709e+01,   5.99742873e+00,
        -1.82930361e+00,   5.50514402e+00,  -7.92061905e+00,
        -7.78230765e+00,   7.24577405e+00,  -1.02426774e+01,
        -2.36182313e+00,   8.22207368e+00,   2.57629141e+00,
        -2.29511539e+01,   3.81080313e+00,  -1.33102185e+01,
         1.10732209e+01,   6.01968770e+00,   5.33751606e+00,
         9.31546717e+00,  -1.34200256e+00,  -3.96894805e+00,
        -2.93880978e+00,  -2.58033068e+00,   9.47179999e+00,
        -5.23822049e+00,   1.29250910e+01,  -1.16737480e+01,
         4.41704755e+00,  -2.07660162e+01,   8.87311109e+00,
        -8.18619283e+00,  -4.00877310e+00,  -1.25699352e+01,
        -2.47166620e+00,   9.75255772e+00,  -9.49503474e-01,
         9.34552410e+00,   2.46110136e+00,  -2.69237836e+00,
        -1.54741436e+01,  -8.04845027e+00,  -4.71167043e+00,
         1.61292885e+01,  -4.37932822e+00,   4.14456266e+00,
        -8.41446653e+00,   9.08191045e+00,  -6.89460305e+00,
        -2.36038118e+00,  -2.49184699e+00,   5.26703433e+00,
        -8.17267386e+00,   6.00832604e+00,   1.41515269e+00,
        -9.56823624e+00,  -5.68507591e-01,  -2.44404349e+00,
        -2.66284080e+00,  -3.80189435e+00,  -4.85110408e+00,
         8.57081712e-01,  -9.90295235e+00,  -2.67889638e+00,
        -8.47742207e+00,  -3.52175055e+00,   2.01830248e+00,
        -2.88979062e+00,  -5.07927003e+00,  -5.76232865e+00,
         1.04557547e+01,  -8.57758300e+00,   1.30257829e+01,
         4.51308783e+00,   6.11679187e+00,   4.46416982e+00,
         2.42927429e+00,  -8.37746506e+00,   4.70650401e+00,
        -7.47405019e+00,   6.28309109e+00,   9.88406680e+00,
         2.08981665e+00,  -4.63688005e+00,   8.65660478e+00,
        -8.05612963e-01,  -5.64824524e+00,  -3.05647152e+00,
         2.09306483e+01,  -2.04006456e+00,  -1.82690529e+00,
         5.86932717e+00,   2.24072086e+00,   1.39923518e+00,
        -7.57091197e+00,   7.03795683e+00,  -3.01565415e+00,
        -2.99127897e+00,   1.13013325e+01,  -4.04392292e+00,
         1.30757979e+00,  -4.10033573e+00,  -2.83011482e+00,
        -1.18811654e+01,   1.44790861e+00,  -3.16781047e+00,
         4.70733933e+00,  -7.08837807e+00,   4.05002296e+00,
         2.08163663e+00,  -7.05954800e+00,   4.70393538e+00,
        -4.37687437e+00,   9.05743274e+00,   2.76759258e+00,
        -3.93984860e+00,  -5.10071056e-01,  -3.24127009e+00,
        -5.53460993e+00,  -2.26909105e+00,   7.31778171e+00,
        -9.03276304e+00,  -4.86257501e+00,   9.62412470e+00,
        -1.13334166e+00,   3.86596624e+00,   9.03936245e+00,
         9.43633437e+00,  -2.22515234e+01,  -1.25371211e+00,
        -3.63600012e+00,   4.31348724e+00,   3.18827592e-02,
        -1.01831900e+01,   8.38765710e-01,   6.59913180e-01,
         1.57821273e+00,  -1.08156734e+01,   7.19223146e+00,
         9.31238845e+00,   5.77651991e+00,   1.21732119e+01,
        -7.96366675e+00,  -3.56105994e+00,   3.28545633e+00,
        -4.72261980e+00,   6.92747278e+00,  -2.49925217e-01,
        -1.87804651e+00,   1.28131534e+01,   3.29458780e+00,
        -3.36888978e-01,   8.66573554e+00,  -4.12992238e+00,
         3.58391554e+00,  -8.55547082e+00,   1.28334262e+01,
        -9.94976715e+00,  -1.31905861e+00,   5.14916645e+00,
         3.27344061e-01,  -4.19600121e+00,  -7.21317297e+00,
         1.26644437e-01,   5.93078773e+00,  -3.35337728e-01,
        -3.41217820e+00,  -1.26022700e+00,  -7.52761496e+00,
         3.75396179e-01,   5.33383096e-02,  -6.17636981e+00,
        -5.68141108e+00,   2.93218045e+00,  -1.39100895e+00,
        -4.07060018e+00,  -4.95660912e-01,  -7.99007409e+00,
        -1.54011419e+01,   1.27303357e+00,   6.99208129e+00,
         2.74690826e+00,  -2.26311947e+00,   9.91974039e+00,
        -1.56521022e+00,  -9.10392521e+00,   1.46662579e+01,
        -1.65918313e+00,  -1.28703547e+01,  -7.71981741e+00,
         1.05268141e+00,  -1.41374381e+01,   4.70464864e+00,
        -6.09860663e+00,   3.62916105e+00,   5.03720225e+00,
        -5.37300920e+00,   2.06167390e+00,   9.54970737e+00,
         4.28039579e+00,  -1.01137708e+01,   2.54538131e+01,
        -4.23136133e+00,   4.84109063e+00,  -2.70959525e+00,
        -1.45594795e+01,  -7.68642205e+00,   8.99993074e+00,
        -2.45300084e+00,  -1.26748363e+01,   1.28617767e+01,
         1.16563609e+01,  -3.65697956e+00,   1.04890957e+01,
        -7.17344198e+00,   2.96477864e+00,   5.53419230e+00,
         1.78956690e+00,  -1.05709439e+01,  -5.93132897e+00,
        -2.32863751e+00,   1.69103234e+00,  -5.90173430e+00,
         4.72504912e+00,  -3.95827560e+00,   1.62998113e+00,
         1.97452996e+00,   1.39387383e-01,  -1.19455976e+01,
         6.45510185e-01,   1.34289733e+01,  -1.00698501e+01,
         4.30972123e-02,   5.64370437e+00,   5.83977487e+00,
         5.30967563e+00,  -3.43185561e-01,   1.80895615e-01,
        -5.75513982e-01,  -4.59635190e+00,   1.01404303e+00,
        -1.99351587e-02,  -9.01782017e-01,  -2.87281879e+00,
         1.11680660e+00,  -1.07525888e+01,  -3.37515328e+00,
         4.11939246e+00,  -2.22798491e+01,   3.57191016e+00,
        -2.35693116e+00,   1.07083966e+01,  -2.87897158e-02,
         1.96181962e-01,  -1.30289068e+00,   3.17349335e+00,
        -7.36591900e+00,   5.30150510e+00,   4.21034250e+00,
        -5.30124252e+00,   9.25889514e+00,  -7.41933007e+00,
         3.94793495e+00,  -2.59986492e-01,   1.80187615e+00,
        -1.78350746e+00,   1.05137241e+01,  -1.19490294e+01,
         7.92818625e+00,  -1.97720347e+00,  -4.24352280e+00,
         5.97405475e+00,  -1.04105012e+01,  -9.73674192e+00,
        -1.15938766e-01,  -4.55787709e+00,  -8.50344118e-01,
         1.32457848e+01,  -1.19281198e+01,   4.15696593e+00,
        -3.38455312e+00,   6.62676628e+00,  -9.78692827e-01,
         1.93687429e+00,  -3.88347445e-01,  -4.29576344e-01,
         8.19431996e+00,  -5.06679500e+00,   1.59127226e+01,
        -1.67887622e+00,   1.92460186e+01,   2.23559580e+00,
         7.93212757e+00,  -1.84527588e+01,   1.79697828e+01,
        -1.72277719e+00,   9.10751937e+00,  -1.17757918e+01,
         1.70373478e+01,  -4.23403323e+00,   5.62175674e+00,
         9.18000192e+00,  -9.49953229e+00,  -1.45850392e+01,
        -4.65699386e-01,  -1.47243239e+00,   1.83063405e-01,
         7.49871498e+00,   1.48662703e+01,  -1.12776377e+01,
         1.65379890e+00,   1.85192993e+01,   4.21076105e-01,
        -5.88883991e+00,  -7.35100847e+00,  -4.09240441e+00,
        -1.08715701e+00,   1.82466376e-01,  -3.18979252e+00,
        -2.64029004e+00,  -3.42376446e+00,   4.87476119e+00,
        -5.22105890e+00,  -1.25278047e+01,   5.96086780e+00,
         1.21172279e+00,   1.80338414e+00,  -5.11577633e+00,
         4.54409958e+00]), array([ 1.42127041,  0.52972328, -2.23910333, ...,  3.24532713,
        0.61972137,  0.80563226]), array([ 0.46138834, -0.47650772,  3.34954407, ...,  1.04722932,
       -0.09891675, -0.23050766])]